time,x,y,z,phi,theta,psi,x_velocity,y_velocity,z_velocity,phi_velocity,theta_velocity,psi_velocity,rotor_speed1,rotor_speed2,rotor_speed3,rotor_speed4
0.06,6.2875074243e-08,2.69618322121e-07,9.99767222065,0.000330452341808,6.2829178183,0.0,1.07375262512e-05,2.28621888513e-05,-0.0775943898632,0.0147172172271,-0.0153332043169,0.0,377.31335050836367,375.83035273176455,375.445666861004,376.87065084259825
0.12000000000000001,8.82414704967e-06,1.42780843895e-05,9.99987512834,0.00160089022822,0.000157548114926,0.0,0.000287992164102,0.000577349517641,0.151023162107,0.0316879718863,0.0326950114753,0.0,473.8708127259082,477.54770483176776,475.55328250976174,476.85138472735406
0.18,1.51172964209e-05,9.0131715028e-05,10.0121266881,0.00392319843247,0.00225712028016,0.0,-0.000287628518456,0.0021713377598,0.257342793373,0.0499555946222,0.0392315729208,0.0,438.22565261985415,438.769101802442,438.6173822916714,440.1323378027142
0.23999999999999996,-5.74339300518e-05,0.00031227344164,10.0304411296,0.00665718542995,0.00461173808706,0.0,-0.00236936416363,0.00552571449298,0.353111051037,0.0349031309184,0.0392677275073,0.0,435.80845178356304,435.81227860639126,436.1053468097138,434.8476784835161
0.3,-0.000322947290131,0.000816049463649,10.0584078783,0.00881791322455,0.00695057544384,0.0,-0.00676388656164,0.0115229793951,0.579022967732,0.0381422141509,0.0384002876724,0.0,475.37124477949243,475.305427908036,475.2331782467085,475.48183755035757
0.36000000000000004,-0.000879029147399,0.00169531357754,10.0958276337,0.0107867647512,0.00947159331549,0.0,-0.0120149164252,0.018002107487,0.66824975459,0.0191569076664,0.0484129876271,0.0,433.17323450441535,434.0152806093634,434.8979461761262,433.305490029025
0.4200000000000001,-0.00181480319332,0.00301164531686,10.1397370974,0.0115425422638,0.0122670637111,0.0,-0.0194792153682,0.0259810956446,0.79531428264,-0.00565521025229,0.0426743442739,0.0,445.3572181978388,444.8889444926839,447.7043515981882,445.68119197840406
0.48000000000000015,-0.00319192085927,0.00475850928513,10.1861307287,0.0117220779401,0.0151079917909,0.0,-0.02664406606,0.0322447576646,0.751167621276,0.0162787715197,0.0553549178721,0.0,388.8540332446864,390.04162059249506,387.8772286682222,389.93139422275675
0.5400000000000001,-0.00515252163537,0.00696886790407,10.2365141383,0.0139613409439,0.0189483549049,0.0,-0.0391179713641,0.0416342863248,0.92814257607,0.0619884696555,0.0772914386987,0.0,459.3335958770964,461.0724467554804,460.6363671952376,464.2369629831898
0.6000000000000002,-0.00789446158244,0.0097593115208,10.2944764212,0.0180493477386,0.0235228949612,0.0,-0.0527322215805,0.0517656675887,1.00385393959,0.0782218477985,0.0740582851469,0.0,431.0440597073811,430.77556760998914,428.56482719426793,429.94583156418264
0.6600000000000003,-0.0115438117555,0.013242697297,10.3569813273,0.0222125373962,0.0278807305394,0.0,-0.0693445017782,0.0647941211569,1.07955359713,0.0387357459141,0.0696121237151,0.0,430.2091324749218,429.836821039565,432.17002661553414,428.8327152715771
0.7200000000000003,-0.0163447613175,0.01763650415,10.4264301391,0.0249073236896,0.0319437089444,0.0,-0.091137479702,0.0819411458232,1.23523010117,0.055047331129,0.0636283215852,0.0,455.3474471042869,454.8718790293331,455.35561369812467,456.65953812276615
0.7800000000000004,-0.0225170689475,0.0231029637424,10.5044319633,0.0283716683194,0.0353995964908,0.0,-0.114992882746,0.100630194127,1.36466044952,0.0626400321439,0.0414417444262,0.0,448.0008853712976,446.1956220943852,448.3289632810436,448.9476406097659
0.8400000000000004,-0.030367878115,0.0299110934527,10.5951503914,0.0322052830463,0.0379439167841,0.0,-0.14701658173,0.126792073092,1.65887762529,0.0662885980963,0.0442655545784,0.0,496.66359349603033,496.87140778754457,496.65028054522185,496.92029221811845
0.9000000000000005,-0.040088317536,0.0382884400981,10.7003902854,0.0362780533818,0.0401413816666,0.0,-0.17727658098,0.152906695866,1.84880002025,0.0708837965399,0.0134151783554,0.0,468.88543724321914,466.4832533397713,467.17180982998207,467.53315546104
0.9600000000000005,-0.0517537935236,0.0484081545973,10.8191568593,0.0400719857745,0.0407620731565,0.0,-0.211646234606,0.184915872688,2.1096128445,0.0399787832596,0.00336191921889,0.0,490.0735222616491,489.3256280808013,489.1133648098262,486.8087600310022
1.0200000000000005,-0.0654632831971,0.0605054343287,10.9528003286,0.04282589816,0.040762416369,0.0,-0.245332877014,0.218624102538,2.34469736687,0.0556803650475,-0.00773311360428,0.0,482.8202324876274,481.98248403130333,481.8091391454706,482.9957448990093
1.0800000000000005,-0.0809357935093,0.0744241887704,11.0942724649,0.0458965849095,0.0403531709927,0.0,-0.270376859749,0.245624785866,2.37096959227,0.040173483591,-0.00505572829061,0.0,418.9017991478487,419.1346534089696,419.1973711154911,417.8495489965729
1.1400000000000006,-0.0979364857028,0.0900533941117,11.2381194956,0.0480175303893,0.0399475315395,0.0,-0.296276471592,0.275559630683,2.42380587907,0.0233418987347,-0.0104094748917,0.0,427.1947906369383,426.73814908871014,429.11647339031873,427.68590002666144
1.2000000000000006,-0.116569971099,0.107622925328,11.3873255417,0.0503322504686,0.0392360964892,0.0,-0.324760087362,0.310283931942,2.5494423144,0.058655160597,-0.0149224920076,0.0,449.99551864829607,449.6301781849153,450.91408375956837,453.7583987192206
1.2600000000000007,-0.136931501603,0.127377301399,11.5449477822,0.0534026474139,0.0386892335193,0.0,-0.353868390629,0.348546212418,2.70425330108,0.0287771436093,0.000515754519673,0.0,459.42647062467915,460.64898603776345,462.39496153668244,460.03668769293955
1.3200000000000007,-0.159010000018,0.149458062622,11.7112956573,0.0552713328378,0.0391487341224,0.0,-0.382100105611,0.387651939397,2.8403257312,0.0355022726324,0.019073909802,0.0,455.483197840378,456.9648587529367,454.91657207854627,455.45506099191755
1.3800000000000008,-0.18273245356,0.173835977247,11.884173302,0.0575255709942,0.0402862155551,0.0,-0.408755443712,0.425148286884,2.92202916744,0.0414150660076,0.0187252569812,0.0,439.49151276300546,439.46256912684254,439.2529255971225,439.7436787176733
1.4400000000000008,-0.208175131482,0.200648434864,12.0643422584,0.0597740758086,0.0418063662557,0.0,-0.439468228568,0.468836161465,3.08314561454,0.0281253851892,0.036053401909,0.0,464.4336252397663,465.7908151619308,464.4937545330905,463.4509571648266
1.5000000000000009,-0.235430223989,0.230031275735,12.2525440228,0.0618809815173,0.0435656535627,0.0,-0.469232178739,0.510767596847,3.18991821891,0.0463301660759,0.0103580706832,0.0,450.36365222393994,448.28071341158847,447.65697966034264,449.13641936691465
1.560000000000001,-0.264414414644,0.261851289368,12.4451378155,0.0645817865794,0.0441261071546,0.0,-0.496960389429,0.550143126921,3.22973046372,0.0422414541291,0.00722470574628,0.0,428.7310451654149,428.4646115632118,427.9873686043397,427.64047067277147
1.620000000000001,-0.295054999009,0.296056765361,12.6397104512,0.0672117669452,0.0446452770167,0.0,-0.524435613339,0.590264638197,3.25591785114,0.0468390410904,0.011366186397,0.0,424.16905320886593,424.5244647868189,423.5527131816409,423.9491301589975
1.680000000000001,-0.327443316544,0.33285102805,12.837812713,0.0697235492225,0.0453346730633,0.0,-0.555235208969,0.636457237089,3.34718731338,0.0293716121567,0.0117362858274,0.0,444.74774933779594,444.77793788354865,446.4445683222077,445.01792752533066
1.740000000000001,-0.361838269962,0.372682525129,13.0445155532,0.0713077653171,0.0467210036193,0.0,-0.591368154254,0.691405374103,3.54227848689,0.01968682776,0.0394444582241,0.0,476.75899191190797,478.87142130005276,477.3340732777779,476.5945017489818
1.8000000000000012,-0.398399613641,0.415783297634,13.2620495621,0.0732947399751,0.0487448443437,0.0,-0.627570428334,0.745426560208,3.7082779611,0.0515244495773,0.0187300701357,0.0,471.1658594461156,469.56196428929576,468.53596639582304,471.0051256349752
1.8600000000000012,-0.436960110892,0.461852308937,13.4851685721,0.0761698710136,0.049993802144,0.0,-0.657887072386,0.790464227992,3.72890692378,0.0395067868258,0.0246912453174,0.0,425.45301110429483,425.96313976102334,426.4041821916318,425.37771265290326
1.9200000000000013,-0.477437073412,0.510783758321,13.7109592849,0.0792730005844,0.0511368578262,0.0,-0.691468343013,0.840830384404,3.79717013304,0.0689244455671,0.00430935478711,0.0,442.29354122950417,440.6115744964842,440.2492747434162,442.6783903280056
1.9800000000000013,-0.519948081038,0.562802233718,13.9408364239,0.0835473277833,0.0515410076728,0.0,-0.725590444569,0.893500411341,3.86510770385,0.0755043059603,0.0111939582604,0.0,442.21581520689955,442.78249619492067,441.15788371469597,441.7048114452208
2.0400000000000014,-0.564544486969,0.618109604737,14.1753106147,0.0878838050211,0.0517644868554,0.0,-0.76099769548,0.950486658806,3.95033083702,0.0648781770303,-0.0186243709485,0.0,449.880210917219,447.45912546568394,447.8645072170771,447.0033078747963
2.1000000000000014,-0.611204345298,0.676817101446,14.4137246196,0.0923876203584,0.0510042353895,0.0,-0.794241897844,1.00680434021,3.99657770359,0.0901167506304,-0.00284026390045,0.0,436.2458892367696,437.56208859662814,434.9263529756982,437.039576883291
2.1600000000000015,-0.659914141124,0.739110312639,14.6561651507,0.0977078824736,0.0514562061349,0.0,-0.829426378741,1.07013169584,4.08436691483,0.0856126364161,0.0228008475743,0.0,449.4939706649595,451.5672467201551,449.8957124266758,449.53728768751824
2.2200000000000015,-0.710631877281,0.805081890326,14.9015732058,0.102960705909,0.053188898872,0.0,-0.861306712362,1.12936394874,4.09576361148,0.0911571684069,0.0388774238258,0.0,426.91616493246016,428.286109287815,425.15130315254913,425.63285190772274
2.2800000000000016,-0.763131459531,0.874378525242,15.1445655662,0.108435727121,0.0558741765535,0.0,-0.888887645659,1.18094517943,4.00421731134,0.091435940712,0.0544777538841,0.0,390.1970350708534,391.65228470810837,391.85496194260725,391.8890950985468
2.3400000000000016,-0.817516342953,0.947209529477,15.3853316221,0.114231407718,0.0595583761416,0.0,-0.924256161723,1.24723522963,4.02112696363,0.105302680002,0.0725325960995,0.0,427.96205521346815,429.49898805174615,426.99580707572903,428.1855205294652
2.4000000000000017,-0.874102615264,1.02413771577,15.6272244926,0.120680917985,0.0637869266915,0.0,-0.962339072993,1.31758195013,4.0417375449,0.111542125891,0.0660101476468,0.0,430.2519125002285,429.7032574277856,429.4050710839744,429.94465251749955
2.4600000000000017,-0.933029521871,1.10536067818,15.8699948576,0.127248043352,0.0680092306382,0.0,-1.0022557888,1.39040691879,4.05040905223,0.104909309035,0.077910514536,0.0,426.19062974830933,427.2106140008358,426.402895176099,425.84695074736345
2.520000000000002,-0.994355266193,1.19092516725,16.1121775453,0.133350322284,0.0726974715317,0.0,-1.04233530928,1.46224095722,4.02228099896,0.0943765637206,0.0785869286031,0.0,413.8731562616665,413.9380500404739,415.555410191739,414.64071482662524
2.580000000000002,-1.05886873043,1.2821729101,16.3620945036,0.139384423792,0.0774529482629,0.0,-1.10865036258,1.5799248668,4.30696654409,0.110718015314,0.0805665269481,0.0,510.118058830383,510.26355069268334,509.94385331315914,511.1170930046829
2.640000000000002,-1.12699007845,1.37974772017,16.6227647233,0.146089934266,0.0826649472901,0.0,-1.16253653483,1.67314165177,4.38150882603,0.113760522649,0.0971638528359,0.0,450.9822825441149,452.32703592984547,450.39749569138587,450.65440741244873
2.700000000000002,-1.19866787462,1.48341663388,16.8903904917,0.152740785489,0.0891025326194,0.0,-1.22735424965,1.78308846943,4.53841734703,0.104277776334,0.122280425523,0.0,476.43881250605534,478.3643986987414,477.7670465478872,477.05333431805855
2.760000000000002,-1.27395907976,1.59309910164,17.1627339159,0.159106912044,0.096459111592,0.0,-1.28299453276,1.87348922977,4.53941882909,0.109518880628,0.123259456071,0.0,430.5951408459733,430.69210269139023,430.2229996149539,430.676834082692
2.820000000000002,-1.35282862743,1.70848396312,17.4361723128,0.165684330595,0.104707833015,0.0,-1.3467070065,1.97319215501,4.57472808208,0.109832163842,0.156618832764,0.0,441.5030820930517,444.26404315122363,441.86442449917763,441.90093749646314
2.880000000000002,-1.4356017686,1.82983751192,17.7109314688,0.172571115486,0.114165452733,0.0,-1.41322582896,2.07244311036,4.58351805073,0.123181599445,0.15956824529,0.0,435.7443864330067,436.0149820084167,433.175980024045,434.30927253526403
2.940000000000002,-1.52237808091,1.95702240261,17.9848135076,0.179742614498,0.123685409247,0.0,-1.48011257009,2.16759593386,4.54567216272,0.11097874988,0.156799917601,0.0,420.12643976913455,419.91179586985544,420.7303711962772,419.68604328905207
3.000000000000002,-1.61349010189,2.0902538471,18.2576498118,0.1867633422,0.133080766627,0.0,-1.55777311695,2.2739577755,4.54845216264,0.126944587442,0.156165229164,0.0,434.37237968137384,434.3429827642292,433.4596231116776,434.8119378811485
3.0600000000000023,-1.70956337511,2.23016375794,18.5315544112,0.19523849311,0.142194233791,0.0,-1.64549560875,2.39032400234,4.58107948189,0.160474253196,0.141583130739,0.0,445.8661687557195,444.69461067618755,443.3113288413444,446.07604885538416
3.1200000000000023,-1.8111858377,2.37736048175,18.8081314209,0.204603381964,0.150856183167,0.0,-1.74269370245,2.51697826313,4.63735246183,0.145420418269,0.149413969379,0.0,453.5297004950672,454.17725313390144,454.69977820415966,453.51434758669967
3.1800000000000024,-1.91817246935,2.53146451257,19.0839270232,0.213973327162,0.160325783085,0.0,-1.82426727253,2.62046080088,4.55569176527,0.17182412114,0.170816241807,0.0,408.8842695422909,410.81233892465565,408.0080994179875,410.3837767387414
3.2400000000000024,-2.03094833113,2.69288164691,19.3591969897,0.223682011001,0.170705037614,0.0,-1.93585955751,2.76088923348,4.61899460131,0.11298934333,0.177005089973,0.0,458.1427889800997,458.66237864748877,460.9368127512357,456.28427970338396
3.3000000000000025,-2.15072967551,2.8630066468,19.6387376851,0.230055313093,0.18178559576,0.0,-2.05784534102,2.91033387631,4.69800614479,0.0871269380768,0.196748938522,0.0,465.7540343225202,467.3267695894255,465.4304209786272,463.41063204715294
3.3600000000000025,-2.27709349798,3.04100190939,19.9178691167,0.235746912102,0.193953748563,0.0,-2.15522400169,3.02315751395,4.60622780755,0.107018779554,0.212756192061,0.0,409.982577627303,411.4463100516733,409.7186942732025,411.49202473291604
3.4200000000000026,-2.41034505288,3.22683829129,20.1956130285,0.242073193198,0.206490357699,0.0,-2.28760926406,3.17170860671,4.65093735668,0.102075658296,0.199970924793,0.0,457.15776168447064,456.179266795851,458.20994355299496,457.82609116719357
3.4800000000000026,-2.55190386517,3.42181470431,20.4765072339,0.248894253548,0.218177574511,0.0,-2.43205710729,3.32781452482,4.71110693008,0.130263524249,0.181638212734,0.0,465.2153402179008,463.8123664930599,463.1529602717901,465.37548338675003
3.5400000000000027,-2.70157696202,3.62539487266,20.7575213465,0.256260552531,0.229334159407,0.0,-2.55793145811,3.45861878241,4.65552312553,0.100351309032,0.193389740868,0.0,428.7196319241034,429.75187294745854,428.8421933234624,426.3070711300917
3.6000000000000028,-2.85933783232,3.8372788901,21.0365452039,0.262659392351,0.240826359645,0.0,-2.70171107862,3.60444563648,4.64449605974,0.116937459023,0.187552907996,0.0,445.077634283719,444.63525694129083,444.0154029613718,445.38411878306215
3.660000000000003,-3.02640908548,4.05849022035,21.3166703561,0.269823815163,0.251478462561,0.0,-2.86826156001,3.76955327403,4.69181353229,0.123933803856,0.128033183176,0.0,467.941397804052,463.3099694206522,465.59489689113894,466.15413119241856
3.720000000000003,-3.20309127513,4.28910450271,21.5973670889,0.277225999462,0.258671374759,0.0,-3.02173790283,3.9179443467,4.66403579844,0.122218232779,0.0938810846403,0.0,445.22391951158284,442.4326229345031,443.1697391639906,443.04252012917226
3.780000000000003,-3.38871597324,4.52830627717,21.8749036283,0.284062409603,0.264372003307,0.0,-3.16622165717,4.05580296359,4.58679112383,0.0871662990958,0.097177068136,0.0,428.71744977552936,429.00549444854556,428.445306633139,425.4655236557178
3.840000000000003,-3.58436492435,4.77714004484,22.1521722855,0.289496404517,0.269750585427,0.0,-3.35578837497,4.23872076141,4.65428208776,0.0966182046928,0.0669996391613,0.0,478.5602109991586,476.2629854114495,476.68930291701486,477.41739226157284
3.900000000000003,-3.79170761265,5.03723033725,22.434130415,0.295747333991,0.273969564634,0.0,-3.55582871775,4.43105880151,4.74294591203,0.116127597112,0.0762355934662,0.0,486.46020067246883,487.1547239244937,485.4189945391742,486.8893628348861
3.960000000000003,-4.00983637702,5.30758111919,22.716856419,0.302813353968,0.278221362796,0.0,-3.7154906178,4.58091762885,4.68071459944,0.120856439058,0.0570619096234,0.0,440.03572539783227,438.4490417548939,440.29431083668817,440.6980275701841
4.020000000000002,-4.23763343879,5.58700488643,22.9958121121,0.310541359406,0.281479055354,0.0,-3.87802240462,4.73352204925,4.61726046407,0.141218192179,0.048092753346,0.0,440.9307688140776,440.19096034427696,439.9851836115228,441.6831814190881
4.080000000000001,-4.47361719653,5.87393855949,23.2655303862,0.318832849726,0.284459730806,0.0,-3.98858297077,4.83142140837,4.37389357364,0.131331059988,0.0526723944182,0.0,373.8510470100506,374.29919686248047,374.8731305832914,373.93239719552963
4.14,-4.71815825382,6.16880269042,23.5266673772,0.326731327193,0.287247355428,0.0,-4.16301198471,4.99766803372,4.32994425293,0.132253990547,0.0296081788202,0.0,449.0926265711047,447.21866922262893,447.35582162684625,447.4467713724724
4.199999999999998,-4.97320457578,6.47370007686,23.7850251845,0.334743199295,0.289037582357,0.0,-4.33867103064,5.16586288827,4.28129031051,0.135967962102,0.0302910250234,0.0,447.9501690595275,448.00597643228315,447.4731727678545,447.7917483077325
4.259999999999997,-5.2386456331,6.78855422515,24.0397717235,0.343224589562,0.291139071362,0.0,-4.5095490796,5.32958079734,4.20966106756,0.150389287315,0.0431192085724,0.0,440.9835891984688,442.0427661012542,440.74513089153965,441.95430031606463
4.319999999999996,-5.51505387429,7.11405405376,24.2922051707,0.352421371139,0.293956822956,0.0,-4.70418851527,5.52068566593,4.20365451537,0.158504792439,0.0537118699263,0.0,464.8355101967754,465.66625677812084,465.3900168763401,466.04587607028793
4.379999999999995,-5.80221656249,7.44998537949,24.5410980015,0.361770261883,0.296985541783,0.0,-4.86820946082,5.67737816809,4.09227210592,0.149812889383,0.0430711904134,0.0,432.38939650771783,431.4934576436132,431.16731477602735,430.4559173619637
4.439999999999993,-6.10004760988,7.79627464122,24.7855457885,0.370673813134,0.300009779634,0.0,-5.05966611716,5.86581028987,4.0549793327,0.145392575306,0.0620602695488,0.0,457.9586177340207,459.4684092263753,458.9454186421827,458.6142532944221
4.499999999999992,-6.40864438315,8.15301360912,25.025258683,0.379502822995,0.303430940799,0.0,-5.22724173523,6.02573877892,3.93494932917,0.15044823167,0.0443195926696,0.0,432.6694195196027,431.1750593716045,431.4689998323169,431.9167000119603
4.559999999999991,-6.72815756752,8.52034359265,25.2600242018,0.388751735641,0.305813974337,0.0,-5.42334895938,6.21876283303,3.88953134235,0.160669797585,0.0284043845909,0.0,460.1488379587608,458.88759092069546,459.2642052441462,460.09591462859004
4.6199999999999894,-7.05949364505,8.89932825154,25.4919437123,0.398771522281,0.307892762309,0.0,-5.62128727906,6.41426018716,3.84005110352,0.177323201388,0.0448692644032,0.0,460.40345233748184,461.7051036661117,459.5080174462234,460.85201214865407
4.679999999999988,-7.40344965752,9.29096579502,25.7227505857,0.409136138522,0.310506785078,0.0,-5.84393164562,6.64043986968,3.85186319719,0.161517769676,0.0408272379601,0.0,484.13202034590824,483.82860445454116,484.5979144970127,483.4338772678842
4.739999999999987,-7.75860389676,9.69349849403,25.9477636012,0.41872253134,0.313937979745,0.0,-5.9949874058,6.77762740286,3.64850648165,0.156038824709,0.0782346591271,0.0,409.34077043862254,412.6595930570764,409.74103739043403,409.2801025115234
4.799999999999986,-8.1243954126,10.1061719705,26.1646982422,0.428453955792,0.318440048127,0.0,-6.19834330669,6.97816921093,3.58145232028,0.172280692582,0.067716100227,0.0,462.1368570955026,461.31091908793996,460.23881578318935,461.546675764862
4.859999999999984,-8.5027932036,10.5313279895,26.3783329811,0.438807351117,0.322673972863,0.0,-6.41509794054,7.19368607598,3.53823580337,0.173101971331,0.0757264857694,0.0,471.21655732972204,471.83903905444305,473.4284040434147,473.51820621095277
4.919999999999983,-8.89376979693,10.9688171811,26.5878211412,0.448909735329,0.32727595356,0.0,-6.61773934123,7.3892956344,3.44355800891,0.156684471334,0.0785772231478,0.0,458.3903191302773,458.62132426477575,457.80476159934085,456.52223316595115
4.979999999999982,-9.29583446341,11.4165919136,26.7884146081,0.458342161893,0.331856640498,0.0,-6.78490742681,7.53665278873,3.2425960529,0.15823109859,0.0714606508725,0.0,420.83331056439636,420.22157614773005,420.6460112235432,420.8049049252711
5.0399999999999805,-9.70980754408,11.8755189641,26.9815057733,0.467766178258,0.336581460602,0.0,-7.01437051751,7.76066095683,3.19222209382,0.154633913991,0.0903414950213,0.0,476.7418220344146,478.1871039891084,477.1592956505833,476.9060324606813
